function [startIdx] = fixStartByHand(startIdx)
% correct start onset
% Rong Bi, 2026

startIdx(1,59) = 157;
startIdx(1,60) = 172;
startIdx(1,61) = 150;

startIdx(2,141) = 180;
startIdx(2,151) = 162;
startIdx(2,249) = 190;
startIdx(2,250) = 160;
startIdx(2,277) = 185;

startIdx(3,1) = 150;
startIdx(3,17) = 219;
startIdx(3,18) = 244;
startIdx(3,19) = 220;
startIdx(3,20) = 193;
startIdx(3,48) = 192;
startIdx(3,97) = 271;
startIdx(3,328) = 153;

startIdx(4,31) = 210;
startIdx(4,32) = 210;
startIdx(4,33) = 200;
startIdx(4,34) = 210;
startIdx(4,60) = 220;
startIdx(4,61) = 180;
startIdx(4,62) = 232;
startIdx(4,65) = 150;
startIdx(4,115) = 180;
startIdx(4,119) = 177;
startIdx(4,163) = 273;
startIdx(4,164) = 180;
startIdx(4,165) = 208;
startIdx(4,175) = 234;
startIdx(4,176) = 137;
startIdx(4,179) = 218;
startIdx(4,291) = 244;
startIdx(4,295) = 171;
startIdx(4,296) = 243;
startIdx(4,375) = 220;
startIdx(4,376) = 200;


startIdx(5,101) = 159;
startIdx(5,102) = 118;
startIdx(5,103) = 124;
startIdx(5,106) = 154;

startIdx(9,138) = 126;
startIdx(9,139) = 130;

startIdx(10,98) = 180;
startIdx(10,139) = 210;
startIdx(10,343) = 230;
startIdx(10,353) = 170;

startIdx(11,144) = 154;

startIdx(12,249) = 104;
startIdx(12,332) = 118;

startIdx(13,9) = 135;
startIdx(13,10) = 158;
startIdx(13,62) = 179;
startIdx(13,63) = 214;
startIdx(13,64) = 161;
startIdx(13,65) = 171;
startIdx(13,67) = 156;
startIdx(13,68) = 170;
startIdx(13,69) = 177;
startIdx(13,70) = 194;
startIdx(13,105) = 200;
startIdx(13,106) = 172;
startIdx(13,107) = 232;
startIdx(13,217) = 223;
startIdx(13,220) = 180;
startIdx(13,240) = 260;

startIdx(14,19) = 172;

startIdx(15,12) = 126;

startIdx(17,314) = 152;

startIdx(19,242) = 150;

startIdx(21,69) = 150;

startIdx(23,2) = 260;
startIdx(23,43) = 190;

startIdx(24,259) = 176;
startIdx(24,260) = 190;
startIdx(24,261) = 275;

startIdx(24,335) = 275;

startIdx(25,153) = 194;

startIdx(26,202) = 223;

startIdx(27,17) = 160;
startIdx(27,18) = 160;
startIdx(27,46) = 193;
startIdx(27,67) = 238;
startIdx(27,74) = 183;
startIdx(27,85) = 295;
startIdx(27,95) = 197;
startIdx(27,145) = 214;
startIdx(27,151) = 168;
startIdx(27,181) = 200;
startIdx(27,207) = 190;
startIdx(27,222) = 220;
startIdx(27,265) = 204;
startIdx(27,267) = 230;
startIdx(27,271) = 188;
startIdx(27,276) = 210;
startIdx(27,338) = 200;
startIdx(27,339) = 230;
startIdx(27,341) = 193;
startIdx(27,344) = 168;

startIdx(28,163) = 180;
startIdx(28,177) = 192;
startIdx(28,178) = 170;
startIdx(28,188) = 160;
startIdx(28,189) = 162;
startIdx(28,190) = 193;
startIdx(28,191) = 188;